30
5
296.000000 590.200000 312.400000 403.500000 691.600000 
240.100000 0.000000 0.000000 0.000000 0.000000 
164.900000 267.400000 240.100000 0.000000 0.000000 
12.500000 219.400000 184.100000 507.500000 240.100000 
44.600000 240.100000 0.000000 0.000000 0.000000 
181.600000 93.000000 219.400000 184.100000 507.500000 
5.500000 156.800000 267.400000 240.100000 0.000000 
1.800000 29.400000 306.300000 15.400000 240.100000 
47.500000 219.400000 184.100000 507.500000 240.100000 
284.900000 15.400000 240.100000 0.000000 0.000000 
149.600000 27.300000 240.100000 0.000000 0.000000 
219.400000 184.100000 507.500000 240.100000 0.000000 
306.300000 15.400000 240.100000 0.000000 0.000000 
33.500000 300.300000 255.500000 240.100000 0.000000 
37.400000 611.300000 15.400000 240.100000 0.000000 
590.200000 312.400000 403.500000 691.600000 747.600000 
93.000000 219.400000 184.100000 507.500000 240.100000 
27.300000 240.100000 0.000000 0.000000 0.000000 
80.500000 219.400000 184.100000 507.500000 240.100000 
611.300000 15.400000 240.100000 0.000000 0.000000 
156.800000 267.400000 240.100000 0.000000 0.000000 
237.700000 590.200000 312.400000 403.500000 691.600000 
447.300000 164.900000 267.400000 240.100000 0.000000 
84.800000 1.800000 29.400000 306.300000 15.400000 
329.400000 84.800000 1.800000 29.400000 306.300000 
38.600000 219.400000 184.100000 507.500000 240.100000 
62.200000 635.700000 100.200000 241.900000 29.400000 
15.400000 240.100000 0.000000 0.000000 0.000000 
29.400000 306.300000 15.400000 240.100000 0.000000 
352.800000 300.300000 255.500000 240.100000 0.000000 
